-2.618340867500000169e+00
-2.400160253125000143e+00
-2.181979638750000117e+00
-1.963799024375000313e+00
-1.745618410000000287e+00
-1.527437795625000261e+00
-1.309257181250000235e+00
-1.091076566875000209e+00
-8.728959525000000719e-01
-6.547153381250000459e-01
-4.365347237500000754e-01
-2.183541093750000217e-01
-1.734949999999999915e-04
2.180071193750000302e-01
4.361877337500000285e-01
6.543683481250001099e-01
8.725489625000001359e-01
1.090729576875000051e+00
1.308910191250000077e+00
1.527090805625000103e+00
1.745271420000000129e+00
1.963452034375000155e+00
2.181632648750000403e+00
2.399813263125000429e+00
2.617993877500000455e+00
2.836174491875000481e+00
3.054355106250000507e+00
3.272535720625000533e+00
3.490716335000000559e+00
3.708896949375000585e+00
3.927077563750000611e+00
4.145258178125000192e+00
4.363438792500000218e+00
4.581619406875000244e+00
4.799800021250000270e+00
5.017980635625000296e+00
5.236161250000000322e+00
5.454341864375000348e+00
5.672522478750000374e+00
5.890703093125000400e+00
6.108883707500000426e+00
6.327064321875000452e+00
6.545244936250000478e+00
6.763425550625000504e+00
6.981606165000000530e+00
7.199786779375000556e+00
7.417967393750000582e+00
7.636148008125000608e+00
