1.571143305000000323e+00
1.614762078750000329e+00
1.658380852500000335e+00
1.701999626250000341e+00
1.745618400000000348e+00
1.789237173750000354e+00
1.832855947500000138e+00
1.876474721250000144e+00
1.920093495000000150e+00
1.963712268750000156e+00
2.007331042500000162e+00
2.050949816250000168e+00
2.094568590000000174e+00
2.138187363750000181e+00
2.181806137500000187e+00
2.225424911250000193e+00
2.269043685000000199e+00
2.312662458750000205e+00
2.356281232500000211e+00
2.399900006250000217e+00
2.443518780000000223e+00
2.487137553750000230e+00
2.530756327499999792e+00
2.574375101250000242e+00
2.617993874999999804e+00
2.661612648750000254e+00
2.705231422499999816e+00
2.748850196249999822e+00
2.792468969999999828e+00
2.836087743749999834e+00
2.879706517499999840e+00
2.923325291249999847e+00
2.966944064999999853e+00
3.010562838749999859e+00
3.054181612499999865e+00
3.097800386249999871e+00
3.141419159999999877e+00
3.185037933749999883e+00
3.228656707499999889e+00
3.272275481249999451e+00
3.315894254999999902e+00
3.359513028749999464e+00
3.403131802499999914e+00
3.446750576249999476e+00
3.490369349999999926e+00
3.533988123749999488e+00
3.577606897499999938e+00
3.621225671249999500e+00
