-4.398217836691629579e+00
-4.405504711079170299e+00
-4.411539306993409681e+00
-4.416231415136524951e+00
-4.419785893174714708e+00
-4.422596950765028012e+00
-4.425079891604385196e+00
-4.427497552953602700e+00
-4.429868207954380743e+00
-4.432007714166755541e+00
-4.433667140607603585e+00
-4.434670641260954227e+00
-4.434984811880459787e+00
-4.434708670520333129e+00
-4.434009629722324597e+00
-4.433043147024156916e+00
-4.431896038218469336e+00
-4.430594070475315505e+00
-4.429203437483518080e+00
-4.427901577553349455e+00
-4.426824970124615177e+00
-4.425999976811147540e+00
-4.425421551738818238e+00
-4.425081874911671598e+00
-4.424970371560487337e+00
-4.425081874911664492e+00
-4.425421551738756065e+00
-4.425999976810977010e+00
-4.426824970124301650e+00
-4.427901577552856516e+00
-4.429203437482766681e+00
-4.430594070474163537e+00
-4.431896038216805778e+00
-4.433043147022050157e+00
-4.434009629720160994e+00
-4.434708670518835660e+00
-4.434984811880520184e+00
-4.434670641263338098e+00
-4.433667140612665314e+00
-4.432007714174320157e+00
-4.429868207963887805e+00
-4.427497552964561045e+00
-4.425079891616933381e+00
-4.422596950780214087e+00
-4.419785893194237758e+00
-4.416231414502126640e+00
-4.411539307025730494e+00
-4.405504711117764316e+00
