1.000267400000000029e-01
9.585895916666667405e-02
9.169117833333333134e-02
8.752339750000000251e-02
8.335561666666665981e-02
7.918783583333333098e-02
7.502005500000000215e-02
7.085227416666667333e-02
6.668449333333333062e-02
6.251671250000000180e-02
5.834893166666666603e-02
5.418115083333333720e-02
5.001337000000000144e-02
4.584558916666666567e-02
4.167780833333333684e-02
3.751002750000000108e-02
3.334224666666667225e-02
2.917446583333333648e-02
2.500668500000000072e-02
2.083890416666666842e-02
1.667112333333333613e-02
1.250334250000000036e-02
8.335561666666671532e-03
4.167780833333335766e-03
0.000000000000000000e+00
-4.167780833333328827e-03
-8.335561666666664593e-03
-1.250334250000000036e-02
-1.667112333333332919e-02
-2.083890416666665801e-02
-2.500668500000000072e-02
-2.917446583333332955e-02
-3.334224666666665837e-02
-3.751002750000000108e-02
-4.167780833333332990e-02
-4.584558916666665873e-02
-5.001337000000000144e-02
-5.418115083333333026e-02
-5.834893166666665909e-02
-6.251671249999998792e-02
-6.668449333333333062e-02
-7.085227416666665945e-02
-7.502005500000000215e-02
-7.918783583333333098e-02
-8.335561666666665981e-02
-8.752339749999998864e-02
-9.169117833333331746e-02
-9.585895916666664629e-02
