-4.424751075375610299e+00
-4.427242918948780748e+00
-4.429359771911056676e+00
-4.431031885139636195e+00
-4.432294200790034111e+00
-4.433260055228956276e+00
-4.434069944360770954e+00
-4.434831238052165503e+00
-4.435576153737594396e+00
-4.436261716284624512e+00
-4.436808389133454433e+00
-4.437148542507180160e+00
-4.437257007378017981e+00
-4.437154590834238022e+00
-4.436890638734622527e+00
-4.436517518223459966e+00
-4.436074100188855951e+00
-4.435595663803747257e+00
-4.435129095889236872e+00
-4.434712025913547961e+00
-4.434368141615376402e+00
-4.434108689001214465e+00
-4.433932221628458237e+00
-4.433832111588415614e+00
-4.433800499658611116e+00
-4.433831586300646777e+00
-4.433922997003390876e+00
-4.434073735653242032e+00
-4.434280359253094161e+00
-4.434536080007108971e+00
-4.434832874024094984e+00
-4.435162487676284293e+00
-4.435509607041716151e+00
-4.435846532997344660e+00
-4.436143124596228837e+00
-4.436362730143729394e+00
-4.436452796951817490e+00
-4.436356800678642465e+00
-4.436040528751313161e+00
-4.435514743068081245e+00
-4.434838898868787460e+00
-4.434096784636359700e+00
-4.433348530856034309e+00
-4.432583787709589274e+00
-4.431709042596787107e+00
-4.430581131606350809e+00
-4.429067418362398811e+00
-4.427102598053267890e+00
