1.661302144999999841e+00
1.702744661249999902e+00
1.744187177499999741e+00
1.785629693749999802e+00
1.827072209999999863e+00
1.868514726249999924e+00
1.909957242499999985e+00
1.951399758749999824e+00
1.992842274999999885e+00
2.034284791249999724e+00
2.075727307499999785e+00
2.117169823749999846e+00
2.158612339999999907e+00
2.200054856249999968e+00
2.241497372500000029e+00
2.282939888750000090e+00
2.324382404999999707e+00
2.365824921249999768e+00
2.407267437499999829e+00
2.448709953749999890e+00
2.490152469999999951e+00
2.531594986250000012e+00
2.573037502500000073e+00
2.614480018750000134e+00
2.655922535000000195e+00
2.697365051250000256e+00
2.738807567499999873e+00
2.780250083749999934e+00
2.821692599999999995e+00
2.863135116250000056e+00
2.904577632500000117e+00
2.946020148749999734e+00
2.987462664999999795e+00
3.028905181249999856e+00
3.070347697499999917e+00
3.111790213749999978e+00
3.153232730000000039e+00
3.194675246250000100e+00
3.236117762500000161e+00
3.277560278750000222e+00
3.319002795000000283e+00
3.360445311250000344e+00
3.401887827499999961e+00
3.443330343750000022e+00
3.484772860000000083e+00
3.526215376250000144e+00
3.567657892500000205e+00
3.609100408749999822e+00
