-2.708499685000000046e+00
-2.488142813750000126e+00
-2.267785942500000207e+00
-2.047429071249999843e+00
-1.827072199999999924e+00
-1.606715328750000005e+00
-1.386358457499999863e+00
-1.166001586249999944e+00
-9.456447150000000246e-01
-7.252878437499999942e-01
-5.049309724999999638e-01
-2.845741012499999889e-01
-6.421723000000000015e-02
1.561396412500000164e-01
3.764965124999999913e-01
5.968533837499999661e-01
8.172102549999999965e-01
1.037567126250000138e+00
1.257923997500000057e+00
1.478280868750000199e+00
1.698637740000000118e+00
1.918994611250000037e+00
2.139351482499999957e+00
2.359708353749999876e+00
2.580065224999999796e+00
2.800422096249999715e+00
3.020778967500000078e+00
3.241135838749999998e+00
3.461492709999999917e+00
3.681849581249999837e+00
3.902206452499999756e+00
4.122563323750000563e+00
4.342920195000000483e+00
4.563277066250000402e+00
4.783633937500000322e+00
5.003990808750000241e+00
5.224347680000000160e+00
5.444704551250000080e+00
5.665061422499999999e+00
5.885418293750000807e+00
6.105775165000000726e+00
6.326132036250000645e+00
6.546488907500000565e+00
6.766845778750000484e+00
6.987202650000000403e+00
7.207559521250000323e+00
7.427916392500000242e+00
7.648273263750000162e+00
