9.981842000000000492e-02
9.565856666666666674e-02
9.149871333333334245e-02
8.733886000000000427e-02
8.317900666666666609e-02
7.901915333333334179e-02
7.485930000000000362e-02
7.069944666666666544e-02
6.653959333333334114e-02
6.237974000000000296e-02
5.821988666666667173e-02
5.406003333333333355e-02
4.990018000000000231e-02
4.574032666666667107e-02
4.158047333333333290e-02
3.742062000000000166e-02
3.326076666666666348e-02
2.910091333333333224e-02
2.494106000000000101e-02
2.078120666666666630e-02
1.662135333333333159e-02
1.246150000000000035e-02
8.301646666666662178e-03
4.141793333333330940e-03
-1.806000000000029804e-05
-4.177913333333338475e-03
-8.337766666666669713e-03
-1.249762000000000789e-02
-1.665747333333333913e-02
-2.081732666666667730e-02
-2.497718000000000160e-02
-2.913703333333333978e-02
-3.329688666666667796e-02
-3.745674000000000226e-02
-4.161659333333334043e-02
-4.577644666666667861e-02
-4.993630000000000291e-02
-5.409615333333334108e-02
-5.825600666666667926e-02
-6.241586000000001744e-02
-6.657571333333334174e-02
-7.073556666666667991e-02
-7.489542000000001809e-02
-7.905527333333335627e-02
-8.321512666666668057e-02
-8.737498000000000486e-02
-9.153483333333335692e-02
-9.569468666666668122e-02
